1	9.99867e-06
1.01	0.00990099
1.02	0.0196078
1.03	0.0291262
1.04	0.0384615
1.05	0.047619
1.06	0.0566038
1.07	0.0654206
1.08	0.0740741
1.09	0.0825688
1.1	0.0909091
1.11	0.0990991
1.12	0.107143
1.13	0.115044
1.14	0.122807
1.15	0.130435
1.16	0.137931
1.17	0.145299
1.18	0.152542
1.19	0.159664
1.2	0.166667
1.21	0.173554
1.22	0.180328
1.23	0.186992
1.24	0.193548
1.25	0.2
1.26	0.206349
1.27	0.212598
1.28	0.21875
1.29	0.224806
1.3	0.230769
1.31	0.236641
1.32	0.242424
1.33	0.24812
1.34	0.253731
1.35	0.259259
1.36	0.264706
1.37	0.270073
1.38	0.275362
1.39	0.280576
1.4	0.285714
1.41	0.29078
1.42	0.295775
1.43	0.300699
1.44	0.305556
1.45	0.310345
1.46	0.315068
1.47	0.319728
1.48	0.324324
1.49	0.328859
1.5	0.333333
1.51	0.337748
1.52	0.342105
1.53	0.346405
1.54	0.350649
1.55	0.354839
1.56	0.358974
1.57	0.363057
1.58	0.367089
1.59	0.371069
1.6	0.375
1.61	0.378882
1.62	0.382716
1.63	0.386503
1.64	0.390244
1.65	0.393939
1.66	0.39759
1.67	0.401198
1.68	0.404762
1.69	0.408284
1.7	0.411765
1.71	0.415205
1.72	0.418605
1.73	0.421965
1.74	0.425287
1.75	0.428571
1.76	0.431818
1.77	0.435028
1.78	0.438202
1.79	0.441341
1.8	0.444444
1.81	0.447514
1.82	0.450549
1.83	0.453552
1.84	0.456522
1.85	0.459459
1.86	0.462366
1.87	0.465241
1.88	0.468085
1.89	0.470899
1.9	0.473684
1.91	0.47644
1.92	0.479167
1.93	0.481865
1.94	0.484536
1.95	0.487179
1.96	0.489796
1.97	0.492386
1.98	0.494949
1.99	0.497487
2	0.5
2.01	0.502488
2.02	0.50495
2.03	0.507389
2.04	0.509804
2.05	0.512195
2.06	0.514563
2.07	0.516908
2.08	0.519231
2.09	0.521531
2.1	0.52381
2.11	0.526066
2.12	0.528302
2.13	0.530516
2.14	0.53271
2.15	0.534884
2.16	0.537037
2.17	0.539171
2.18	0.541284
2.19	0.543379
2.2	0.545455
2.21	0.547511
2.22	0.54955
2.23	0.55157
2.24	0.553571
2.25	0.555556
2.26	0.557522
2.27	0.559471
2.28	0.561404
2.29	0.563319
2.3	0.565217
2.31	0.5671
2.32	0.568966
2.33	0.570815
2.34	0.57265
2.35	0.574468
2.36	0.576271
2.37	0.578059
2.38	0.579832
2.39	0.58159
2.4	0.583333
2.41	0.585062
2.42	0.586777
2.43	0.588477
2.44	0.590164
2.45	0.591837
2.46	0.593496
2.47	0.595142
2.48	0.596774
2.49	0.598394
2.5	0.6
2.51	0.601594
2.52	0.603175
2.53	0.604743
2.54	0.606299
2.55	0.607843
2.56	0.609375
2.57	0.610895
2.58	0.612403
2.59	0.6139
2.6	0.615385
2.61	0.616858
2.62	0.618321
2.63	0.619772
2.64	0.621212
2.65	0.622642
2.66	0.62406
2.67	0.625468
2.68	0.626866
2.69	0.628253
2.7	0.62963
2.71	0.630996
2.72	0.632353
2.73	0.6337
2.74	0.635036
2.75	0.636364
2.76	0.637681
2.77	0.638989
2.78	0.640288
2.79	0.641577
2.8	0.642857
2.81	0.644128
2.82	0.64539
2.83	0.646643
2.84	0.647887
2.85	0.649123
2.86	0.65035
2.87	0.651568
2.88	0.652778
2.89	0.653979
2.9	0.655172
2.91	0.656357
2.92	0.657534
2.93	0.658703
2.94	0.659864
2.95	0.661017
2.96	0.662162
2.97	0.6633
2.98	0.66443
2.99	0.665552
3	0.66592
3	0.667411
3.01	0.632849
3.01	0.699377
3.02	0.618618
3.02	0.712508
3.03	0.607639
3.03	0.722394
3.04	0.598356
3.04	0.730591
3.05	0.590164
3.05	0.737705
3.06	0.582752
3.06	0.744046
3.07	0.575935
3.07	0.749798
3.08	0.569592
3.08	0.755083
3.09	0.563639
3.09	0.759986
3.1	0.558014
3.1	0.764567
3.11	0.552671
3.11	0.768872
3.12	0.547574
3.12	0.772938
3.13	0.542694
3.13	0.776795
3.14	0.538007
3.14	0.780464
3.15	0.533494
3.15	0.783966
3.16	0.529139
3.16	0.787317
3.17	0.524927
3.17	0.79053
3.18	0.520847
3.18	0.793618
3.19	0.51689
3.19	0.79659
3.2	0.513045
3.2	0.799455
3.21	0.509304
3.21	0.802222
3.22	0.505662
3.22	0.804897
3.23	0.502112
3.23	0.807486
3.24	0.498648
3.24	0.809994
3.25	0.495265
3.25	0.812427
3.26	0.491959
3.26	0.814789
3.27	0.488726
3.27	0.817084
3.28	0.485562
3.28	0.819316
3.29	0.482463
3.29	0.821488
3.3	0.479427
3.3	0.823603
3.31	0.47645
3.31	0.825664
3.32	0.473531
3.32	0.827674
3.33	0.470666
3.33	0.829635
3.34	0.467853
3.34	0.831548
3.35	0.46509
3.35	0.833417
3.36	0.462375
3.36	0.835244
3.37	0.459707
3.37	0.837029
3.38	0.457083
3.38	0.838775
3.39	0.454503
3.39	0.840483
3.4	0.451963
3.4	0.842154
3.41	0.449464
3.41	0.843791
3.42	0.447003
3.42	0.845394
3.43	0.44458
3.43	0.846965
3.44	0.442193
3.44	0.848505
3.45	0.433992
3.45	0.445968
3.45	0.847468
3.45	0.852428
3.46	0.413234
3.46	0.467486
3.46	0.838952
3.46	0.861342
3.47	0.402914
3.47	0.478561
3.47	0.834793
3.47	0.865905
3.48	0.395064
3.48	0.487159
3.48	0.83168
3.48	0.869426
3.49	0.388521
3.49	0.494446
3.49	0.829127
3.49	0.872392
3.5	0.38282
3.5	0.500884
3.5	0.826941
3.5	0.874997
3.51	0.377722
3.51	0.506713
3.51	0.825019
3.51	0.877342
3.52	0.373084
3.52	0.512076
3.52	0.823301
3.52	0.879487
3.53	0.368812
3.53	0.517068
3.53	0.821748
3.53	0.881472
3.54	0.36484
3.54	0.521754
3.54	0.820331
3.54	0.883325
3.55	0.3548
3.55	0.370326
3.55	0.506031
3.55	0.540475
3.55	0.812656
3.55	0.827805
3.55	0.881684
3.55	0.887371
3.56	0.348824
3.56	0.373814
3.56	0.49449
3.56	0.550881
3.56	0.808639
3.56	0.833314
3.56	0.880784
3.56	0.889892
3.57	0.342557
3.57	0.342584
3.57	0.342607
3.57	0.343305
3.57	0.343368
3.57	0.343447
3.57	0.346317
3.57	0.346392
3.57	0.346504
3.57	0.346656
3.57	0.348549
3.57	0.348617
3.57	0.3487
3.57	0.365049
3.57	0.365235
3.57	0.36539
3.57	0.370245
3.57	0.370525
3.57	0.370714
3.57	0.378404
3.57	0.37863
3.57	0.378809
3.57	0.380834
3.57	0.380901
3.57	0.380982
3.57	0.475109
3.57	0.475278
3.57	0.475417
3.57	0.479647
3.57	0.480023
3.57	0.480307
3.57	0.480499
3.57	0.497036
3.57	0.49745
3.57	0.498064
3.57	0.508866
3.57	0.509213
3.57	0.509634
3.57	0.547701
3.57	0.547901
3.57	0.548065
3.57	0.552982
3.57	0.553253
3.57	0.553434
3.57	0.560393
3.57	0.560586
3.57	0.560738
3.57	0.56244
3.57	0.562496
3.57	0.562563
3.57	0.804005
3.57	0.804036
3.57	0.804062
3.57	0.804845
3.57	0.804915
3.57	0.805004
3.57	0.808183
3.57	0.808265
3.57	0.808388
3.57	0.810613
3.57	0.810687
3.57	0.810777
3.57	0.827484
3.57	0.827664
3.57	0.827812
3.57	0.832395
3.57	0.832654
3.57	0.832828
3.57	0.839715
3.57	0.839795
3.57	0.839911
3.57	0.840066
3.57	0.841804
3.57	0.841861
3.57	0.84193
3.57	0.878526
3.57	0.878557
3.57	0.878581
3.57	0.87933
3.57	0.879396
3.57	0.879479
3.57	0.882307
3.57	0.882376
3.57	0.882479
3.57	0.884252
3.57	0.884309
3.57	0.884377
3.57	0.890288
3.57	0.890318
3.57	0.890343
3.57	0.891021
3.57	0.891075
3.57	0.891115
3.57	0.891142
3.57	0.892169
3.57	0.892197
3.57	0.892219
3.57	0.892469
3.57	0.892477
3.57	0.892487
3.58	0.337457
3.58	0.338457
3.58	0.33884
3.58	0.34038
3.58	0.340839
3.58	0.341694
3.58	0.345067
3.58	0.345637
3.58	0.346586
3.58	0.34759
3.58	0.34942
3.58	0.353859
3.58	0.354499
3.58	0.3549
3.58	0.358446
3.58	0.360781
3.58	0.363101
3.58	0.364545
3.58	0.373892
3.58	0.376478
3.58	0.377904
3.58	0.382863
3.58	0.384139
3.58	0.386945
3.58	0.387557
3.58	0.457111
3.58	0.458347
3.58	0.464077
3.58	0.466717
3.58	0.477172
3.58	0.480233
3.58	0.485846
3.58	0.51007
3.58	0.515435
3.58	0.520888
3.58	0.529263
3.58	0.530217
3.58	0.531743
3.58	0.542417
3.58	0.546864
3.58	0.549314
3.58	0.551637
3.58	0.553034
3.58	0.561352
3.58	0.563473
3.58	0.564615
3.58	0.56845
3.58	0.569406
3.58	0.571465
3.58	0.571907
3.58	0.800415
3.58	0.800621
3.58	0.801576
3.58	0.802018
3.58	0.803787
3.58	0.804311
3.58	0.805283
3.58	0.809065
3.58	0.809696
3.58	0.810742
3.58	0.811841
3.58	0.813826
3.58	0.818541
3.58	0.81921
3.58	0.819626
3.58	0.823265
3.58	0.825613
3.58	0.827906
3.58	0.838066
3.58	0.840377
3.58	0.841631
3.58	0.845879
3.58	0.846943
3.58	0.849242
3.58	0.849736
3.58	0.876489
3.58	0.876716
3.58	0.877755
3.58	0.878226
3.58	0.880053
3.58	0.880577
3.58	0.881524
3.58	0.884931
3.58	0.885454
3.58	0.886294
3.58	0.887138
3.58	0.888415
3.58	0.888559
3.58	0.888789
3.58	0.89038
3.58	0.891034
3.58	0.891393
3.58	0.891731
3.58	0.891934
3.58	0.893134
3.58	0.893438
3.58	0.893601
3.58	0.894147
3.58	0.894283
3.58	0.894637
3.59	0.330268
3.59	0.330318
3.59	0.331646
3.59	0.332059
3.59	0.332525
3.59	0.335866
3.59	0.335945
3.59	0.341317
3.59	0.344818
3.59	0.35575
3.59	0.365269
3.59	0.366757
3.59	0.370818
3.59	0.371541
3.59	0.372265
3.59	0.376207
3.59	0.380534
3.59	0.382841
3.59	0.395566
3.59	0.395864
3.59	0.396161
3.59	0.397747
3.59	0.399437
3.59	0.405005
3.59	0.405217
3.59	0.418572
3.59	0.418951
3.59	0.429143
3.59	0.43233
3.59	0.435357
3.59	0.435927
3.59	0.436501
3.59	0.439821
3.59	0.462181
3.59	0.467065
3.59	0.476409
3.59	0.485117
3.59	0.486736
3.59	0.488358
3.59	0.497579
3.59	0.501003
3.59	0.523425
3.59	0.550166
3.59	0.558919
3.59	0.572504
3.59	0.581239
3.59	0.582434
3.59	0.583494
3.59	0.586907
3.59	0.587035
3.59	0.794076
3.59	0.794136
3.59	0.795748
3.59	0.796247
3.59	0.796808
3.59	0.800879
3.59	0.807103
3.59	0.811047
3.59	0.822799
3.59	0.832332
3.59	0.833764
3.59	0.83759
3.59	0.838259
3.59	0.838925
3.59	0.842484
3.59	0.846263
3.59	0.848222
3.59	0.857054
3.59	0.858346
3.59	0.858569
3.59	0.858791
3.59	0.859964
3.59	0.861195
3.59	0.865103
3.59	0.865248
3.59	0.870305
3.59	0.870385
3.59	0.872473
3.59	0.873105
3.59	0.873696
3.59	0.873807
3.59	0.873918
3.59	0.878628
3.59	0.879475
3.59	0.88106
3.59	0.882498
3.59	0.882762
3.59	0.883025
3.59	0.884499
3.59	0.885037
3.59	0.888465
3.59	0.892365
3.59	0.893606
3.59	0.895502
3.59	0.89553
3.59	0.896705
3.59	0.896868
3.59	0.897013
3.59	0.897479
3.59	0.897496
3.6	0.324157
3.6	0.324345
3.6	0.326881
3.6	0.327972
3.6	0.331023
3.6	0.335204
3.6	0.340814
3.6	0.34123
3.6	0.344497
3.6	0.347087
3.6	0.347287
3.6	0.355728
3.6	0.356928
3.6	0.361478
3.6	0.362267
3.6	0.375304
3.6	0.378428
3.6	0.383871
3.6	0.385283
3.6	0.391607
3.6	0.398086
3.6	0.404859
3.6	0.405144
3.6	0.40987
3.6	0.41351
3.6	0.414026
3.6	0.422045
3.6	0.422974
3.6	0.426653
3.6	0.438727
3.6	0.439373
3.6	0.452364
3.6	0.455336
3.6	0.467046
3.6	0.473933
3.6	0.503894
3.6	0.505765
3.6	0.51668
3.6	0.519591
3.6	0.540419
3.6	0.54092
3.6	0.547429
3.6	0.555709
3.6	0.556768
3.6	0.571159
3.6	0.582001
3.6	0.589965
3.6	0.592824
3.6	0.599485
3.6	0.599978
3.6	0.788685
3.6	0.788923
3.6	0.792107
3.6	0.793463
3.6	0.797209
3.6	0.802233
3.6	0.808775
3.6	0.809251
3.6	0.812948
3.6	0.815823
3.6	0.816044
3.6	0.825068
3.6	0.826309
3.6	0.830922
3.6	0.831707
3.6	0.844023
3.6	0.846793
3.6	0.851451
3.6	0.852624
3.6	0.857704
3.6	0.857954
3.6	0.862609
3.6	0.864015
3.6	0.86437
3.6	0.867414
3.6	0.867609
3.6	0.868981
3.6	0.870756
3.6	0.870863
3.6	0.87339
3.6	0.875793
3.6	0.878123
3.6	0.878641
3.6	0.880633
3.6	0.881771
3.6	0.886484
3.6	0.886768
3.6	0.888398
3.6	0.888827
3.6	0.891831
3.6	0.891902
3.6	0.892819
3.6	0.893972
3.6	0.894119
3.6	0.89609
3.6	0.897554
3.6	0.898618
3.6	0.898998
3.6	0.89988
3.6	0.899945
3.61	0.317848
3.61	0.318947
3.61	0.318974
3.61	0.319707
3.61	0.320589
3.61	0.320753
3.61	0.322249
3.61	0.329289
3.61	0.334677
3.61	0.348611
3.61	0.353581
3.61	0.355098
3.61	0.355286
3.61	0.36039
3.61	0.366829
3.61	0.366879
3.61	0.368064
3.61	0.379725
3.61	0.386349
3.61	0.388399
3.61	0.400017
3.61	0.409731
3.61	0.417828
3.61	0.422011
3.61	0.429907
3.61	0.430791
3.61	0.435575
3.61	0.439615
3.61	0.439768
3.61	0.441021
3.61	0.445313
3.61	0.459574
3.61	0.486017
3.61	0.488793
3.61	0.488912
3.61	0.504262
3.61	0.516726
3.61	0.517189
3.61	0.520942
3.61	0.533381
3.61	0.569246
3.61	0.583429
3.61	0.595667
3.61	0.602154
3.61	0.606157
3.61	0.606597
3.61	0.608959
3.61	0.610923
3.61	0.610998
3.61	0.613945
3.61	0.782723
3.61	0.784163
3.61	0.784199
3.61	0.785155
3.61	0.7863
3.61	0.786513
3.61	0.788441
3.61	0.791539
3.61	0.797297
3.61	0.803833
3.61	0.819764
3.61	0.825107
3.61	0.826702
3.61	0.826899
3.61	0.832137
3.61	0.838478
3.61	0.838527
3.61	0.83966
3.61	0.850277
3.61	0.855872
3.61	0.857538
3.61	0.858023
3.61	0.858083
3.61	0.859642
3.61	0.86148
3.61	0.861818
3.61	0.864828
3.61	0.866413
3.61	0.86946
3.61	0.873084
3.61	0.877373
3.61	0.878124
3.61	0.880543
3.61	0.884764
3.61	0.88519
3.61	0.885208
3.61	0.887517
3.61	0.889336
3.61	0.889403
3.61	0.889942
3.61	0.891704
3.61	0.8966
3.61	0.898477
3.61	0.900917
3.61	0.901433
3.61	0.90149
3.61	0.901794
3.61	0.902047
3.61	0.902056
3.61	0.902434
3.62	0.311712
3.62	0.313371
3.62	0.313516
3.62	0.314056
3.62	0.319398
3.62	0.32057
3.62	0.323845
3.62	0.326585
3.62	0.327309
3.62	0.327469
3.62	0.346667
3.62	0.348556
3.62	0.354689
3.62	0.357688
3.62	0.366509
3.62	0.3672
3.62	0.377092
3.62	0.385714
3.62	0.386442
3.62	0.388715
3.62	0.389783
3.62	0.399768
3.62	0.40303
3.62	0.406845
3.62	0.41308
3.62	0.42008
3.62	0.426491
3.62	0.433172
3.62	0.435408
3.62	0.44022
3.62	0.441777
3.62	0.460751
3.62	0.460946
3.62	0.461841
3.62	0.472211
3.62	0.483671
3.62	0.485316
3.62	0.506746
3.62	0.514209
3.62	0.529723
3.62	0.534567
3.62	0.58516
3.62	0.58559
3.62	0.587539
3.62	0.594929
3.62	0.603795
3.62	0.606977
3.62	0.622994
3.62	0.62339
3.62	0.627917
3.62	0.776663
3.62	0.778914
3.62	0.77911
3.62	0.786926
3.62	0.788454
3.62	0.792669
3.62	0.796136
3.62	0.797044
3.62	0.797243
3.62	0.81989
3.62	0.821975
3.62	0.828562
3.62	0.831685
3.62	0.840492
3.62	0.841159
3.62	0.845767
3.62	0.849885
3.62	0.850238
3.62	0.850315
3.62	0.857718
3.62	0.858319
3.62	0.860169
3.62	0.861025
3.62	0.863572
3.62	0.866
3.62	0.868632
3.62	0.870961
3.62	0.872378
3.62	0.873586
3.62	0.87726
3.62	0.877651
3.62	0.878481
3.62	0.878747
3.62	0.881878
3.62	0.885439
3.62	0.885687
3.62	0.888833
3.62	0.889897
3.62	0.892063
3.62	0.892728
3.62	0.899423
3.62	0.899479
3.62	0.899729
3.62	0.900675
3.62	0.901802
3.62	0.902205
3.62	0.904035
3.62	0.90422
3.62	0.904269
3.62	0.904835
3.63	0.305096
3.63	0.505948
3.63	0.643647
3.63	0.769605
3.63	0.832597
3.63	0.907372
3.64	0.298151
3.64	0.298861
3.64	0.300856
3.64	0.301081
3.64	0.3017
3.64	0.304739
3.64	0.305654
3.64	0.306742
3.64	0.313701
3.64	0.316452
3.64	0.321451
3.64	0.321669
3.64	0.321894
3.64	0.339119
3.64	0.363635
3.64	0.364302
3.64	0.368416
3.64	0.372494
3.64	0.390788
3.64	0.39197
3.64	0.393121
3.64	0.415931
3.64	0.418343
3.64	0.420841
3.64	0.421252
3.64	0.438037
3.64	0.462004
3.64	0.471774
3.64	0.481823
3.64	0.483471
3.64	0.48411
3.64	0.49172
3.64	0.498199
3.64	0.524724
3.64	0.526381
3.64	0.541237
3.64	0.546569
3.64	0.547013
3.64	0.594232
3.64	0.594857
3.64	0.595462
3.64	0.609406
3.64	0.617104
3.64	0.636623
3.64	0.639675
3.64	0.642243
3.64	0.652508
3.64	0.653138
3.64	0.65873
3.64	0.660716
3.64	0.761696
3.64	0.762736
3.64	0.765644
3.64	0.765969
3.64	0.771219
3.64	0.772516
3.64	0.77405
3.64	0.783665
3.64	0.787369
3.64	0.793958
3.64	0.794241
3.64	0.794533
3.64	0.815787
3.64	0.81598
3.64	0.81829
3.64	0.824638
3.64	0.825338
3.64	0.836351
3.64	0.838987
3.64	0.842056
3.64	0.842313
3.64	0.842974
3.64	0.846975
3.64	0.850822
3.64	0.860084
3.64	0.866431
3.64	0.866585
3.64	0.867519
3.64	0.86842
3.64	0.876828
3.64	0.877248
3.64	0.877678
3.64	0.884274
3.64	0.885729
3.64	0.887191
3.64	0.887428
3.64	0.896024
3.64	0.901955
3.64	0.902032
3.64	0.902106
3.64	0.90381
3.64	0.904745
3.64	0.9071
3.64	0.907467
3.64	0.907775
3.64	0.908797
3.64	0.909006
3.64	0.909081
3.64	0.90975
3.64	0.909988
3.65	0.293467
3.65	0.294075
3.65	0.294243
3.65	0.304916
3.65	0.30518
3.65	0.309134
3.65	0.310526
3.65	0.311806
3.65	0.321487
3.65	0.322202
3.65	0.323313
3.65	0.324557
3.65	0.331735
3.65	0.335148
3.65	0.335498
3.65	0.34024
3.65	0.342141
3.65	0.349282
3.65	0.372124
3.65	0.377795
3.65	0.381535
3.65	0.4361
3.65	0.438938
3.65	0.444725
3.65	0.447382
3.65	0.456764
3.65	0.458155
3.65	0.484479
3.65	0.486381
3.65	0.516008
3.65	0.535125
3.65	0.54028
3.65	0.553247
3.65	0.554213
3.65	0.563641
3.65	0.567318
3.65	0.568645
3.65	0.573432
3.65	0.583667
3.65	0.587162
3.65	0.590287
3.65	0.592299
3.65	0.619704
3.65	0.623341
3.65	0.627296
3.65	0.638543
3.65	0.639294
3.65	0.66959
3.65	0.670067
3.65	0.671786
3.65	0.756806
3.65	0.757721
3.65	0.757974
3.65	0.773589
3.65	0.773965
3.65	0.779532
3.65	0.781464
3.65	0.783228
3.65	0.796186
3.65	0.797115
3.65	0.798553
3.65	0.800152
3.65	0.804787
3.65	0.806931
3.65	0.807523
3.65	0.809157
3.65	0.813306
3.65	0.813728
3.65	0.81934
3.65	0.821544
3.65	0.829587
3.65	0.84168
3.65	0.842441
3.65	0.852815
3.65	0.853354
3.65	0.856973
3.65	0.857991
3.65	0.860199
3.65	0.861276
3.65	0.881405
3.65	0.882746
3.65	0.88477
3.65	0.892818
3.65	0.895301
3.65	0.895959
3.65	0.897596
3.65	0.897717
3.65	0.898891
3.65	0.901348
3.65	0.901773
3.65	0.902151
3.65	0.902394
3.65	0.905677
3.65	0.906109
3.65	0.906578
3.65	0.907908
3.65	0.907997
3.65	0.911565
3.65	0.911621
3.65	0.911823
3.66	0.284657
3.66	0.284763
3.66	0.287156
3.66	0.290512
3.66	0.292415
3.66	0.293751
3.66	0.295602
3.66	0.29968
3.66	0.309064
3.66	0.316655
3.66	0.326574
3.66	0.342079
3.66	0.345184
3.66	0.352593
3.66	0.368148
3.66	0.386064
3.66	0.394455
3.66	0.396431
3.66	0.396891
3.66	0.397097
3.66	0.397319
3.66	0.398277
3.66	0.402427
3.66	0.420726
3.66	0.446005
3.66	0.46313
3.66	0.471348
3.66	0.473543
3.66	0.500121
3.66	0.503098
3.66	0.515002
3.66	0.522975
3.66	0.531445
3.66	0.547084
3.66	0.561927
3.66	0.572718
3.66	0.574708
3.66	0.588182
3.66	0.603002
3.66	0.62483
3.66	0.635136
3.66	0.636005
3.66	0.651866
3.66	0.663588
3.66	0.668898
3.66	0.672723
3.66	0.678165
3.66	0.687724
3.66	0.694512
3.66	0.694814
3.66	0.745276
3.66	0.745444
3.66	0.749193
3.66	0.75438
3.66	0.757285
3.66	0.759309
3.66	0.762091
3.66	0.768132
3.66	0.776094
3.66	0.776524
3.66	0.781569
3.66	0.791968
3.66	0.798822
3.66	0.804919
3.66	0.80581
3.66	0.810593
3.66	0.817054
3.66	0.823723
3.66	0.827277
3.66	0.830589
3.66	0.835472
3.66	0.836682
3.66	0.847299
3.66	0.848162
3.66	0.851371
3.66	0.857968
3.66	0.867488
3.66	0.874229
3.66	0.875741
3.66	0.876089
3.66	0.876169
3.66	0.876244
3.66	0.876411
3.66	0.877128
3.66	0.880155
3.66	0.88654
3.66	0.891999
3.66	0.894572
3.66	0.895646
3.66	0.900964
3.66	0.904329
3.66	0.906886
3.66	0.910025
3.66	0.911381
3.66	0.911995
3.66	0.912438
3.66	0.913068
3.66	0.914176
3.66	0.914965
3.66	0.915
3.67	0.2778
3.67	0.278217
3.67	0.279263
3.67	0.281375
3.67	0.282823
3.67	0.285282
3.67	0.311587
3.67	0.312394
3.67	0.322224
3.67	0.332231
3.67	0.352384
3.67	0.354443
3.67	0.358886
3.67	0.361956
3.67	0.373892
3.67	0.390425
3.67	0.39418
3.67	0.395753
3.67	0.397535
3.67	0.405703
3.67	0.411983
3.67	0.417311
3.67	0.436585
3.67	0.444151
3.67	0.474162
3.67	0.482149
3.67	0.488575
3.67	0.493885
3.67	0.499394
3.67	0.521164
3.67	0.555185
3.67	0.57034
3.67	0.58386
3.67	0.586339
3.67	0.604987
3.67	0.612396
3.67	0.614748
3.67	0.622981
3.67	0.643556
3.67	0.655618
3.67	0.673078
3.67	0.678633
3.67	0.681662
3.67	0.685062
3.67	0.691235
3.67	0.698282
3.67	0.702418
3.67	0.708426
3.67	0.711394
3.67	0.712572
3.67	0.736302
3.67	0.73698
3.67	0.73868
3.67	0.742085
3.67	0.744402
3.67	0.748299
3.67	0.751664
3.67	0.753497
3.67	0.75512
3.67	0.75807
3.67	0.767128
3.67	0.773211
3.67	0.783285
3.67	0.787217
3.67	0.788331
3.67	0.791811
3.67	0.800391
3.67	0.801513
3.67	0.807561
3.67	0.814203
3.67	0.828624
3.67	0.837528
3.67	0.839745
3.67	0.841867
3.67	0.844419
3.67	0.847564
3.67	0.859135
3.67	0.861994
3.67	0.869177
3.67	0.871137
3.67	0.873436
3.67	0.876404
3.67	0.877048
3.67	0.877616
3.67	0.878968
3.67	0.884866
3.67	0.889069
3.67	0.890142
3.67	0.89169
3.67	0.892406
3.67	0.899342
3.67	0.902741
3.67	0.906053
3.67	0.906324
3.67	0.91505
3.67	0.915856
3.67	0.91633
3.67	0.917021
3.67	0.917363
3.67	0.917499
3.68	0.27086
3.68	0.270916
3.68	0.273616
3.68	0.275103
3.68	0.284832
3.68	0.286194
3.68	0.298583
3.68	0.303344
3.68	0.33993
3.68	0.343575
3.68	0.35634
3.68	0.382304
3.68	0.385338
3.68	0.391763
3.68	0.394281
3.68	0.397275
3.68	0.411792
3.68	0.418864
3.68	0.420984
3.68	0.446211
3.68	0.450354
3.68	0.463161
3.68	0.464844
3.68	0.484392
3.68	0.498988
3.68	0.502453
3.68	0.519357
3.68	0.529602
3.68	0.601286
3.68	0.606875
3.68	0.618594
3.68	0.628945
3.68	0.635598
3.68	0.636247
3.68	0.649056
3.68	0.650322
3.68	0.684825
3.68	0.68672
3.68	0.690688
3.68	0.694188
3.68	0.696437
3.68	0.700989
3.68	0.713156
3.68	0.716372
3.68	0.717147
3.68	0.71872
3.68	0.722949
3.68	0.724074
3.68	0.724345
3.68	0.72678
3.68	0.726876
3.68	0.73058
3.68	0.73074
3.68	0.731401
3.68	0.733871
3.68	0.734783
3.68	0.735231
3.68	0.737081
3.68	0.743955
3.68	0.746477
3.68	0.747714
3.68	0.749626
3.68	0.751776
3.68	0.752797
3.68	0.770706
3.68	0.771341
3.68	0.777681
3.68	0.777998
3.68	0.781231
3.68	0.786188
3.68	0.791699
3.68	0.794291
3.68	0.825709
3.68	0.829955
3.68	0.836844
3.68	0.838239
3.68	0.844052
3.68	0.851687
3.68	0.852336
3.68	0.857241
3.68	0.858813
3.68	0.868242
3.68	0.869024
3.68	0.871618
3.68	0.876888
3.68	0.877966
3.68	0.87887
3.68	0.881167
3.68	0.882247
3.68	0.891367
3.68	0.895774
3.68	0.897024
3.68	0.909353
3.68	0.91093
3.68	0.915006
3.68	0.915452
3.68	0.918621
3.68	0.919104
3.68	0.919978
3.68	0.919996
3.69	0.265253
3.69	0.265367
3.69	0.266718
3.69	0.269348
3.69	0.272739
3.69	0.286108
3.69	0.288371
3.69	0.290128
3.69	0.294938
3.69	0.304064
3.69	0.318017
3.69	0.333483
3.69	0.35322
3.69	0.366877
3.69	0.371385
3.69	0.386642
3.69	0.403363
3.69	0.440388
3.69	0.447674
3.69	0.451932
3.69	0.484099
3.69	0.488372
3.69	0.488804
3.69	0.521959
3.69	0.527902
3.69	0.54421
3.69	0.54642
3.69	0.569371
3.69	0.578896
3.69	0.589745
3.69	0.598824
3.69	0.605953
3.69	0.631472
3.69	0.645217
3.69	0.646938
3.69	0.658785
3.69	0.660864
3.69	0.667278
3.69	0.67833
3.69	0.685028
3.69	0.687415
3.69	0.700525
3.69	0.701099
3.69	0.705759
3.69	0.70791
3.69	0.7147
3.69	0.719159
3.69	0.719355
3.69	0.72095
3.69	0.721688
3.69	0.724027
3.69	0.726191
3.69	0.73192
3.69	0.73371
3.69	0.737307
3.69	0.741152
3.69	0.742358
3.69	0.744949
3.69	0.745267
3.69	0.752406
3.69	0.753684
3.69	0.757237
3.69	0.762994
3.69	0.766278
3.69	0.767334
3.69	0.773273
3.69	0.774125
3.69	0.780837
3.69	0.792891
3.69	0.796171
3.69	0.800296
3.69	0.805152
3.69	0.809352
3.69	0.819247
3.69	0.820184
3.69	0.827013
3.69	0.829466
3.69	0.84283
3.69	0.843001
3.69	0.844685
3.69	0.857107
3.69	0.858719
3.69	0.86146
3.69	0.875083
3.69	0.881076
3.69	0.886463
3.69	0.88804
3.69	0.89278
3.69	0.899531
3.69	0.904742
3.69	0.909387
3.69	0.912397
3.69	0.913974
3.69	0.914549
3.69	0.915288
3.69	0.919627
3.69	0.920721
3.69	0.921567
3.69	0.922001
3.69	0.922037
3.7	0.258488
3.7	0.264147
3.7	0.274993
3.7	0.276283
3.7	0.279638
3.7	0.282591
3.7	0.312349
3.7	0.315368
3.7	0.319408
3.7	0.319622
3.7	0.322071
3.7	0.323541
3.7	0.332055
3.7	0.333215
3.7	0.333687
3.7	0.356567
3.7	0.374192
3.7	0.375821
3.7	0.386958
3.7	0.397113
3.7	0.41742
3.7	0.423211
3.7	0.424083
3.7	0.428176
3.7	0.474646
3.7	0.487556
3.7	0.5398
3.7	0.541189
3.7	0.544604
3.7	0.547414
3.7	0.56991
3.7	0.574315
3.7	0.574445
3.7	0.581673
3.7	0.582319
3.7	0.594501
3.7	0.603634
3.7	0.608633
3.7	0.621496
3.7	0.62383
3.7	0.648102
3.7	0.668897
3.7	0.677972
3.7	0.689301
3.7	0.693541
3.7	0.698808
3.7	0.702308
3.7	0.709187
3.7	0.712203
3.7	0.715987
3.7	0.719181
3.7	0.737676
3.7	0.739818
3.7	0.74533
3.7	0.747251
3.7	0.750113
3.7	0.752394
3.7	0.758388
3.7	0.763091
3.7	0.773564
3.7	0.785302
3.7	0.786406
3.7	0.792411
3.7	0.794713
3.7	0.798871
3.7	0.80433
3.7	0.804616
3.7	0.807806
3.7	0.807863
3.7	0.809791
3.7	0.819453
3.7	0.82064
3.7	0.822076
3.7	0.822658
3.7	0.843843
3.7	0.84888
3.7	0.866438
3.7	0.867944
3.7	0.868264
3.7	0.870383
3.7	0.87772
3.7	0.881335
3.7	0.885262
3.7	0.885833
3.7	0.891957
3.7	0.899768
3.7	0.899927
3.7	0.900319
3.7	0.903183
3.7	0.903675
3.7	0.904494
3.7	0.904566
3.7	0.905913
3.7	0.906917
3.7	0.916682
3.7	0.917639
3.7	0.918723
3.7	0.919139
3.7	0.922622
3.7	0.924427
3.71	0.249633
3.71	0.252313
3.71	0.269159
3.71	0.272511
3.71	0.273125
3.71	0.273616
3.71	0.278716
3.71	0.283057
3.71	0.304863
3.71	0.322575
3.71	0.327727
3.71	0.330477
3.71	0.331965
3.71	0.380856
3.71	0.41493
3.71	0.415726
3.71	0.417216
3.71	0.449879
3.71	0.454972
3.71	0.455566
3.71	0.484461
3.71	0.496322
3.71	0.541048
3.71	0.545498
3.71	0.553758
3.71	0.569332
3.71	0.57993
3.71	0.608465
3.71	0.622642
3.71	0.622959
3.71	0.623551
3.71	0.636077
3.71	0.637964
3.71	0.638183
3.71	0.648607
3.71	0.652772
3.71	0.680909
3.71	0.690229
3.71	0.694842
3.71	0.694945
3.71	0.699211
3.71	0.699896
3.71	0.70329
3.71	0.704648
3.71	0.713865
3.71	0.718472
3.71	0.719924
3.71	0.721738
3.71	0.724829
3.71	0.728539
3.71	0.729802
3.71	0.731578
3.71	0.733727
3.71	0.735503
3.71	0.736538
3.71	0.737364
3.71	0.739966
3.71	0.745088
3.71	0.745833
3.71	0.748059
3.71	0.750422
3.71	0.752892
3.71	0.757811
3.71	0.772123
3.71	0.774178
3.71	0.779255
3.71	0.77936
3.71	0.780269
3.71	0.786229
3.71	0.786507
3.71	0.786656
3.71	0.793246
3.71	0.806079
3.71	0.810711
3.71	0.817394
3.71	0.820882
3.71	0.822746
3.71	0.840911
3.71	0.845569
3.71	0.85666
3.71	0.856884
3.71	0.858802
3.71	0.870868
3.71	0.871409
3.71	0.871697
3.71	0.874835
3.71	0.883854
3.71	0.900651
3.71	0.901151
3.71	0.902075
3.71	0.903798
3.71	0.909667
3.71	0.916778
3.71	0.91818
3.71	0.91982
3.71	0.919978
3.71	0.920175
3.71	0.921249
3.71	0.926604
3.71	0.92745
3.72	0.243574
3.72	0.249588
3.72	0.251172
3.72	0.251352
3.72	0.253101
3.72	0.259951
3.72	0.266849
3.72	0.269875
3.72	0.271987
3.72	0.278556
3.72	0.299364
3.72	0.321186
3.72	0.329135
3.72	0.336009
3.72	0.417285
3.72	0.441528
3.72	0.444334
3.72	0.449671
3.72	0.451506
3.72	0.461222
3.72	0.469636
3.72	0.47218
3.72	0.472454
3.72	0.489142
3.72	0.524996
3.72	0.545743
3.72	0.570071
3.72	0.586914
3.72	0.590409
3.72	0.62567
3.72	0.634837
3.72	0.635872
3.72	0.637827
3.72	0.638495
3.72	0.642003
3.72	0.645
3.72	0.6459
3.72	0.645997
3.72	0.684267
3.72	0.685395
3.72	0.696732
3.72	0.699676
3.72	0.700008
3.72	0.700851
3.72	0.701978
3.72	0.702942
3.72	0.703231
3.72	0.703262
3.72	0.715641
3.72	0.721073
3.72	0.721762
3.72	0.721867
3.72	0.727783
3.72	0.728049
3.72	0.732998
3.72	0.736537
3.72	0.736597
3.72	0.736988
3.72	0.746882
3.72	0.747057
3.72	0.747581
3.72	0.748192
3.72	0.757016
3.72	0.776306
3.72	0.776353
3.72	0.77679
3.72	0.778242
3.72	0.779931
3.72	0.780252
3.72	0.781188
3.72	0.781682
3.72	0.786023
3.72	0.802139
3.72	0.80369
3.72	0.811055
3.72	0.821395
3.72	0.829958
3.72	0.850708
3.72	0.850813
3.72	0.851786
3.72	0.854987
3.72	0.858647
3.72	0.859334
3.72	0.861325
3.72	0.862367
3.72	0.87125
3.72	0.899594
3.72	0.901899
3.72	0.904549
3.72	0.911735
3.72	0.918473
3.72	0.920577
3.72	0.921252
3.72	0.922216
3.72	0.924406
3.72	0.92657
3.72	0.927121
3.72	0.927177
3.72	0.927676
3.72	0.929561
3.73	0.237247
3.73	0.241897
3.73	0.246997
3.73	0.26215
3.73	0.26788
3.73	0.270221
3.73	0.271926
3.73	0.276987
3.73	0.284874
3.73	0.28615
3.73	0.295879
3.73	0.314848
3.73	0.321639
3.73	0.338183
3.73	0.361248
3.73	0.380935
3.73	0.394959
3.73	0.405467
3.73	0.434045
3.73	0.447238
3.73	0.468069
3.73	0.475651
3.73	0.514323
3.73	0.547927
3.73	0.554619
3.73	0.555936
3.73	0.559681
3.73	0.565115
3.73	0.572064
3.73	0.5828
3.73	0.586355
3.73	0.61339
3.73	0.623191
3.73	0.633964
3.73	0.646118
3.73	0.648747
3.73	0.672821
3.73	0.674984
3.73	0.675408
3.73	0.676615
3.73	0.680589
3.73	0.684018
3.73	0.69374
3.73	0.696848
3.73	0.700263
3.73	0.704956
3.73	0.712634
3.73	0.713463
3.73	0.720375
3.73	0.721485
3.73	0.725525
3.73	0.730782
3.73	0.731529
3.73	0.732551
3.73	0.735562
3.73	0.738474
3.73	0.742786
3.73	0.746989
3.73	0.749523
3.73	0.751352
3.73	0.759878
3.73	0.76192
3.73	0.762536
3.73	0.763854
3.73	0.775814
3.73	0.777089
3.73	0.782907
3.73	0.787966
3.73	0.792493
3.73	0.804631
3.73	0.806192
3.73	0.810856
3.73	0.813839
3.73	0.816151
3.73	0.817735
3.73	0.81829
3.73	0.821096
3.73	0.834831
3.73	0.849971
3.73	0.852863
3.73	0.86069
3.73	0.86556
3.73	0.875893
3.73	0.879622
3.73	0.884542
3.73	0.891345
3.73	0.899167
3.73	0.904685
3.73	0.906928
3.73	0.913129
3.73	0.916274
3.73	0.916685
3.73	0.919214
3.73	0.92083
3.73	0.921372
3.73	0.922116
3.73	0.923932
3.73	0.928697
3.73	0.930288
3.73	0.931735
3.74	0.227476
3.74	0.496176
3.74	0.657234
3.74	0.842538
3.74	0.934945
3.75	0.219727
3.75	0.219728
3.75	0.223783
3.75	0.225037
3.75	0.22792
3.75	0.227994
3.75	0.232053
3.75	0.243182
3.75	0.243313
3.75	0.25127
3.75	0.251277
3.75	0.258057
3.75	0.266251
3.75	0.270702
3.75	0.296752
3.75	0.329863
3.75	0.360924
3.75	0.435046
3.75	0.437997
3.75	0.449079
3.75	0.449085
3.75	0.456035
3.75	0.456158
3.75	0.474041
3.75	0.48183
3.75	0.499847
3.75	0.500315
3.75	0.520793
3.75	0.525841
3.75	0.531719
3.75	0.580234
3.75	0.595744
3.75	0.596557
3.75	0.610013
3.75	0.63804
3.75	0.642926
3.75	0.642928
3.75	0.645312
3.75	0.645354
3.75	0.651391
3.75	0.653982
3.75	0.659896
3.75	0.660048
3.75	0.666654
3.75	0.668266
3.75	0.685357
3.75	0.690168
3.75	0.69042
3.75	0.694582
3.75	0.705501
3.75	0.705514
3.75	0.712133
3.75	0.717989
3.75	0.720898
3.75	0.726481
3.75	0.731104
3.75	0.732606
3.75	0.734604
3.75	0.737217
3.75	0.740334
3.75	0.745149
3.75	0.754515
3.75	0.759303
3.75	0.768748
3.75	0.779116
3.75	0.779136
3.75	0.782588
3.75	0.795516
3.75	0.801526
3.75	0.801886
3.75	0.80866
3.75	0.82895
3.75	0.831324
3.75	0.833349
3.75	0.841442
3.75	0.841625
3.75	0.848586
3.75	0.851552
3.75	0.858271
3.75	0.858316
3.75	0.860893
3.75	0.860895
3.75	0.864967
3.75	0.866043
3.75	0.892114
3.75	0.902538
3.75	0.91336
3.75	0.921679
3.75	0.923083
3.75	0.927777
3.75	0.927779
3.75	0.930252
3.75	0.930292
3.75	0.933727
3.75	0.934973
3.75	0.934996
3.75	0.935879
3.75	0.936262
3.75	0.9375
3.75	0.9375
3.76	0.212278
3.76	0.212653
3.76	0.221215
3.76	0.226704
3.76	0.228431
3.76	0.233147
3.76	0.233456
3.76	0.242421
3.76	0.243032
3.76	0.264378
3.76	0.269619
3.76	0.291465
3.76	0.297076
3.76	0.312442
3.76	0.317115
3.76	0.318121
3.76	0.322999
3.76	0.325591
3.76	0.355102
3.76	0.376338
3.76	0.389885
3.76	0.40364
3.76	0.405872
3.76	0.408527
3.76	0.418967
3.76	0.449838
3.76	0.45838
3.76	0.472836
3.76	0.49312
3.76	0.504149
3.76	0.534391
3.76	0.536373
3.76	0.541317
3.76	0.549659
3.76	0.565447
3.76	0.568713
3.76	0.583936
3.76	0.593663
3.76	0.597528
3.76	0.618521
3.76	0.628733
3.76	0.629543
3.76	0.63423
3.76	0.647769
3.76	0.652562
3.76	0.659164
3.76	0.662701
3.76	0.672248
3.76	0.672868
3.76	0.690535
3.76	0.691717
3.76	0.698127
3.76	0.722636
3.76	0.725363
3.76	0.731253
3.76	0.738923
3.76	0.740436
3.76	0.749036
3.76	0.753629
3.76	0.776489
3.76	0.78517
3.76	0.792403
3.76	0.801799
3.76	0.803498
3.76	0.80773
3.76	0.81424
3.76	0.815619
3.76	0.822202
3.76	0.825627
3.76	0.827639
3.76	0.828443
3.76	0.840467
3.76	0.844748
3.76	0.852485
3.76	0.857897
3.76	0.861057
3.76	0.872253
3.76	0.876902
3.76	0.877689
3.76	0.882501
3.76	0.887182
3.76	0.894408
3.76	0.904236
3.76	0.905088
3.76	0.906686
3.76	0.907015
3.76	0.908539
3.76	0.91351
3.76	0.91531
3.76	0.922247
3.76	0.923895
3.76	0.930539
3.76	0.930728
3.76	0.933487
3.76	0.933581
3.76	0.935025
3.76	0.935553
3.76	0.937226
3.76	0.939822
3.76	0.939935
3.77	0.204813
3.77	0.205225
3.77	0.208964
3.77	0.218316
3.77	0.236233
3.77	0.243631
3.77	0.248593
3.77	0.262632
3.77	0.269607
3.77	0.284404
3.77	0.286974
3.77	0.302214
3.77	0.305711
3.77	0.321511
3.77	0.331188
3.77	0.334534
3.77	0.358729
3.77	0.359677
3.77	0.361074
3.77	0.366938
3.77	0.382815
3.77	0.410221
3.77	0.417739
3.77	0.427121
3.77	0.43121
3.77	0.440209
3.77	0.506322
3.77	0.508529
3.77	0.51925
3.77	0.533448
3.77	0.550655
3.77	0.556292
3.77	0.580934
3.77	0.591428
3.77	0.59859
3.77	0.602772
3.77	0.604187
3.77	0.614
3.77	0.614371
3.77	0.614916
3.77	0.623174
3.77	0.63569
3.77	0.643366
3.77	0.664774
3.77	0.673208
3.77	0.68021
3.77	0.687694
3.77	0.690866
3.77	0.693028
3.77	0.694716
3.77	0.704216
3.77	0.720033
3.77	0.72101
3.77	0.730085
3.77	0.742386
3.77	0.742919
3.77	0.758353
3.77	0.759977
3.77	0.767264
3.77	0.771417
3.77	0.785275
3.77	0.79502
3.77	0.799563
3.77	0.800189
3.77	0.802031
3.77	0.80516
3.77	0.809687
3.77	0.820066
3.77	0.822394
3.77	0.829396
3.77	0.835064
3.77	0.839281
3.77	0.840143
3.77	0.865012
3.77	0.86726
3.77	0.868267
3.77	0.869737
3.77	0.873087
3.77	0.87575
3.77	0.885302
3.77	0.890729
3.77	0.892714
3.77	0.893186
3.77	0.893505
3.77	0.901577
3.77	0.902681
3.77	0.905855
3.77	0.910986
3.77	0.912113
3.77	0.916989
3.77	0.917805
3.77	0.922476
3.77	0.92466
3.77	0.929022
3.77	0.930554
3.77	0.932826
3.77	0.938282
3.77	0.941103
3.77	0.942226
3.77	0.942349
3.78	0.197658
3.78	0.19823
3.78	0.199925
3.78	0.200202
3.78	0.201088
3.78	0.202189
3.78	0.202309
3.78	0.206548
3.78	0.217135
3.78	0.230017
3.78	0.244206
3.78	0.253157
3.78	0.29951
3.78	0.308056
3.78	0.316996
3.78	0.320039
3.78	0.323423
3.78	0.329207
3.78	0.330725
3.78	0.341794
3.78	0.342474
3.78	0.344686
3.78	0.36702
3.78	0.369352
3.78	0.397789
3.78	0.404454
3.78	0.432577
3.78	0.471794
3.78	0.478765
3.78	0.480919
3.78	0.509687
3.78	0.511784
3.78	0.516503
3.78	0.517151
3.78	0.521458
3.78	0.540457
3.78	0.551659
3.78	0.561774
3.78	0.591668
3.78	0.599468
3.78	0.600774
3.78	0.60463
3.78	0.605257
3.78	0.607264
3.78	0.609746
3.78	0.610018
3.78	0.610896
3.78	0.619489
3.78	0.62036
3.78	0.642551
3.78	0.667177
3.78	0.667824
3.78	0.669474
3.78	0.697672
3.78	0.714485
3.78	0.71468
3.78	0.77079
3.78	0.771105
3.78	0.793059
3.78	0.7973
3.78	0.805735
3.78	0.818406
3.78	0.822581
3.78	0.827142
3.78	0.834736
3.78	0.836433
3.78	0.836688
3.78	0.838537
3.78	0.839356
3.78	0.850389
3.78	0.851202
3.78	0.853817
3.78	0.868187
3.78	0.878156
3.78	0.88048
3.78	0.890241
3.78	0.89103
3.78	0.898514
3.78	0.899247
3.78	0.899473
3.78	0.901509
3.78	0.903121
3.78	0.903619
3.78	0.90551
3.78	0.906612
3.78	0.907601
3.78	0.910492
3.78	0.913237
3.78	0.927817
3.78	0.930576
3.78	0.934912
3.78	0.938813
3.78	0.941993
3.78	0.943259
3.78	0.943295
3.78	0.943624
3.78	0.943888
3.78	0.943971
3.78	0.944475
3.78	0.944645
3.79	0.195541
3.79	0.197599
3.79	0.198724
3.79	0.199709
3.79	0.199786
3.79	0.217838
3.79	0.238568
3.79	0.248091
3.79	0.255984
3.79	0.267372
3.79	0.272563
3.79	0.272824
3.79	0.302808
3.79	0.313815
3.79	0.319979
3.79	0.325461
3.79	0.325893
3.79	0.326376
3.79	0.341663
3.79	0.34359
3.79	0.387831
3.79	0.417842
3.79	0.417973
3.79	0.426726
3.79	0.437082
3.79	0.470455
3.79	0.476617
3.79	0.526602
3.79	0.528209
3.79	0.529647
3.79	0.547982
3.79	0.568759
3.79	0.576479
3.79	0.579379
3.79	0.596186
3.79	0.600919
3.79	0.603492
3.79	0.605739
3.79	0.605914
3.79	0.60611
3.79	0.612915
3.79	0.629155
3.79	0.639417
3.79	0.639461
3.79	0.642365
3.79	0.645757
3.79	0.688466
3.79	0.689322
3.79	0.699193
3.79	0.703971
3.79	0.706994
3.79	0.707007
3.79	0.707864
3.79	0.72183
3.79	0.724806
3.79	0.742401
3.79	0.751453
3.79	0.751902
3.79	0.755962
3.79	0.761
3.79	0.783744
3.79	0.785091
3.79	0.785111
3.79	0.789821
3.79	0.797121
3.79	0.800128
3.79	0.811656
3.79	0.812881
3.79	0.81612
3.79	0.824675
3.79	0.832041
3.79	0.832612
3.79	0.833249
3.79	0.852482
3.79	0.854781
3.79	0.866981
3.79	0.870685
3.79	0.873787
3.79	0.873833
3.79	0.884279
3.79	0.899178
3.79	0.899814
3.79	0.904827
3.79	0.904985
3.79	0.905125
3.79	0.906907
3.79	0.9089
3.79	0.912436
3.79	0.921918
3.79	0.922
3.79	0.923619
3.79	0.927151
3.79	0.929582
3.79	0.932497
3.79	0.938774
3.79	0.944169
3.79	0.944192
3.79	0.944484
3.79	0.944818
3.79	0.945428
3.8	0.181483
3.8	0.182635
3.8	0.188234
3.8	0.19541
3.8	0.202111
3.8	0.206501
3.8	0.210028
3.8	0.225798
3.8	0.233581
3.8	0.238172
3.8	0.260118
3.8	0.262706
3.8	0.279944
3.8	0.289525
3.8	0.297331
3.8	0.298977
3.8	0.336962
3.8	0.34051
3.8	0.345617
3.8	0.361029
3.8	0.363614
3.8	0.385855
3.8	0.403255
3.8	0.411025
3.8	0.420668
3.8	0.440516
3.8	0.459077
3.8	0.475574
3.8	0.487179
3.8	0.491302
3.8	0.533954
3.8	0.544921
3.8	0.547899
3.8	0.564478
3.8	0.567261
3.8	0.580648
3.8	0.593324
3.8	0.597454
3.8	0.612795
3.8	0.616067
3.8	0.62173
3.8	0.622661
3.8	0.630481
3.8	0.642139
3.8	0.648535
3.8	0.66429
3.8	0.677047
3.8	0.68028
3.8	0.681156
3.8	0.689494
3.8	0.708609
3.8	0.718842
3.8	0.728243
3.8	0.731335
3.8	0.7342
3.8	0.736028
3.8	0.738306
3.8	0.741572
3.8	0.746639
3.8	0.75204
3.8	0.765986
3.8	0.768011
3.8	0.781661
3.8	0.784633
3.8	0.793916
3.8	0.796441
3.8	0.806369
3.8	0.825294
3.8	0.826496
3.8	0.830886
3.8	0.847433
3.8	0.848991
3.8	0.85334
3.8	0.859431
3.8	0.866162
3.8	0.873226
3.8	0.87661
3.8	0.879316
3.8	0.885304
3.8	0.892826
3.8	0.893691
3.8	0.898808
3.8	0.90049
3.8	0.901654
3.8	0.91391
3.8	0.914433
3.8	0.916904
3.8	0.919917
3.8	0.925284
3.8	0.926084
3.8	0.932809
3.8	0.934202
3.8	0.936554
3.8	0.941282
3.8	0.942332
3.8	0.943636
3.8	0.945619
3.8	0.947733
3.8	0.949375
3.8	0.949713
3.81	0.172454
3.81	0.173956
3.81	0.176791
3.81	0.187853
3.81	0.190185
3.81	0.196013
3.81	0.196014
3.81	0.197309
3.81	0.199498
3.81	0.201713
3.81	0.2109
3.81	0.256735
3.81	0.267589
3.81	0.268208
3.81	0.299243
3.81	0.299252
3.81	0.306563
3.81	0.31924
3.81	0.321617
3.81	0.328489
3.81	0.332445
3.81	0.342851
3.81	0.345527
3.81	0.368628
3.81	0.373434
3.81	0.382632
3.81	0.390627
3.81	0.454365
3.81	0.463078
3.81	0.497604
3.81	0.510961
3.81	0.518339
3.81	0.534407
3.81	0.542578
3.81	0.542579
3.81	0.543739
3.81	0.547479
3.81	0.554492
3.81	0.58127
3.81	0.586505
3.81	0.586796
3.81	0.600425
3.81	0.600429
3.81	0.60342
3.81	0.60845
3.81	0.612008
3.81	0.613504
3.81	0.618347
3.81	0.628229
3.81	0.634064
3.81	0.673682
3.81	0.680761
3.81	0.702576
3.81	0.71855
3.81	0.720615
3.81	0.727032
3.81	0.746702
3.81	0.747799
3.81	0.756119
3.81	0.767063
3.81	0.770519
3.81	0.796149
3.81	0.798945
3.81	0.798957
3.81	0.809938
3.81	0.82801
3.81	0.828011
3.81	0.831264
3.81	0.837569
3.81	0.840426
3.81	0.845536
3.81	0.858409
3.81	0.861586
3.81	0.884023
3.81	0.886745
3.81	0.889854
3.81	0.891468
3.81	0.899137
3.81	0.900016
3.81	0.903415
3.81	0.9047
3.81	0.906923
3.81	0.907689
3.81	0.911749
3.81	0.914073
3.81	0.914075
3.81	0.923797
3.81	0.923989
3.81	0.927335
3.81	0.941187
3.81	0.943911
3.81	0.944565
3.81	0.945211
3.81	0.945592
3.81	0.945593
3.81	0.947306
3.81	0.94799
3.81	0.951219
3.81	0.952042
3.81	0.952478
3.82	0.164173
3.82	0.164188
3.82	0.166877
3.82	0.17191
3.82	0.176949
3.82	0.180441
3.82	0.18944
3.82	0.20166
3.82	0.205749
3.82	0.206166
3.82	0.208044
3.82	0.219123
3.82	0.255274
3.82	0.260551
3.82	0.273851
3.82	0.28491
3.82	0.286888
3.82	0.330016
3.82	0.330638
3.82	0.355886
3.82	0.358583
3.82	0.365952
3.82	0.370129
3.82	0.370856
3.82	0.372278
3.82	0.384777
3.82	0.407435
3.82	0.415911
3.82	0.442107
3.82	0.443377
3.82	0.44654
3.82	0.464899
3.82	0.499194
3.82	0.501317
3.82	0.524182
3.82	0.524219
3.82	0.531091
3.82	0.543804
3.82	0.556337
3.82	0.56491
3.82	0.58657
3.82	0.59731
3.82	0.598139
3.82	0.614995
3.82	0.624251
3.82	0.625188
3.82	0.62939
3.82	0.652276
3.82	0.652666
3.82	0.653634
3.82	0.659196
3.82	0.697497
3.82	0.697732
3.82	0.713223
3.82	0.726217
3.82	0.730763
3.82	0.735977
3.82	0.742283
3.82	0.75158
3.82	0.759514
3.82	0.759633
3.82	0.778272
3.82	0.781327
3.82	0.781509
3.82	0.805645
3.82	0.806
3.82	0.844623
3.82	0.845429
3.82	0.858188
3.82	0.864835
3.82	0.865968
3.82	0.866422
3.82	0.875663
3.82	0.878605
3.82	0.886359
3.82	0.89057
3.82	0.891046
3.82	0.89129
3.82	0.892684
3.82	0.895133
3.82	0.896025
3.82	0.904284
3.82	0.904485
3.82	0.918208
3.82	0.918827
3.82	0.922269
3.82	0.926372
3.82	0.927989
3.82	0.938905
3.82	0.942197
3.82	0.942752
3.82	0.942876
3.82	0.944083
3.82	0.94767
3.82	0.950293
3.82	0.951307
3.82	0.952766
3.82	0.954219
3.82	0.954993
3.82	0.954998
3.83	0.156149
3.83	0.504666
3.83	0.957417
3.84	0.149407
3.84	0.488004
3.84	0.959447
3.85	0.138961
3.85	0.138961
3.85	0.138969
3.85	0.139465
3.85	0.139466
3.85	0.139517
3.85	0.139519
3.85	0.140479
3.85	0.140522
3.85	0.140523
3.85	0.141391
3.85	0.141395
3.85	0.141537
3.85	0.14154
3.85	0.143158
3.85	0.143184
3.85	0.143185
3.85	0.149425
3.85	0.149426
3.85	0.149481
3.85	0.153122
3.85	0.153468
3.85	0.153477
3.85	0.155683
3.85	0.155685
3.85	0.155798
3.85	0.15843
3.85	0.158433
3.85	0.158579
3.85	0.158582
3.85	0.160026
3.85	0.160047
3.85	0.160047
3.85	0.460657
3.85	0.460657
3.85	0.460677
3.85	0.462057
3.85	0.462059
3.85	0.462201
3.85	0.462205
3.85	0.464866
3.85	0.464986
3.85	0.464988
3.85	0.46739
3.85	0.4674
3.85	0.467792
3.85	0.467799
3.85	0.472255
3.85	0.472328
3.85	0.472329
3.85	0.489325
3.85	0.489328
3.85	0.489476
3.85	0.499253
3.85	0.500175
3.85	0.500199
3.85	0.506066
3.85	0.506071
3.85	0.506372
3.85	0.513319
3.85	0.513329
3.85	0.513713
3.85	0.51372
3.85	0.517507
3.85	0.517562
3.85	0.517563
3.85	0.956541
3.85	0.956541
3.85	0.956547
3.85	0.956957
3.85	0.956958
3.85	0.956999
3.85	0.957
3.85	0.957748
3.85	0.95778
3.85	0.95778
3.85	0.958406
3.85	0.958408
3.85	0.958506
3.85	0.958508
3.85	0.959536
3.85	0.959552
3.85	0.959552
3.85	0.961312
3.85	0.961313
3.85	0.96132
3.85	0.961775
3.85	0.961776
3.85	0.961816
3.85	0.961817
3.85	0.962061
3.85	0.962061
3.85	0.962074
3.85	0.962343
3.85	0.962344
3.85	0.962358
3.85	0.962358
3.85	0.962498
3.85	0.9625
3.86	0.130482
3.86	0.131736
3.86	0.134583
3.86	0.134951
3.86	0.136058
3.86	0.136969
3.86	0.140393
3.86	0.141804
3.86	0.143007
3.86	0.144859
3.86	0.145431
3.86	0.146467
3.86	0.156641
3.86	0.159774
3.86	0.163827
3.86	0.16523
3.86	0.165476
3.86	0.177099
3.86	0.182885
3.86	0.183684
3.86	0.192967
3.86	0.210163
3.86	0.214166
3.86	0.234696
3.86	0.249375
3.86	0.266046
3.86	0.311368
3.86	0.382274
3.86	0.405563
3.86	0.411795
3.86	0.425036
3.86	0.437941
3.86	0.441512
3.86	0.449577
3.86	0.450613
3.86	0.45373
3.86	0.456285
3.86	0.465836
3.86	0.469745
3.86	0.473066
3.86	0.478158
3.86	0.479724
3.86	0.482554
3.86	0.502819
3.86	0.509924
3.86	0.518191
3.86	0.528773
3.86	0.532406
3.86	0.533042
3.86	0.550603
3.86	0.562538
3.86	0.567863
3.86	0.576831
3.86	0.578786
3.86	0.60112
3.86	0.64074
3.86	0.649634
3.86	0.65353
3.86	0.675561
3.86	0.69331
3.86	0.716506
3.86	0.722543
3.86	0.753726
3.86	0.773833
3.86	0.784063
3.86	0.820757
3.86	0.827654
3.86	0.846029
3.86	0.874015
3.86	0.878573
3.86	0.880699
3.86	0.888542
3.86	0.911503
3.86	0.92553
3.86	0.930575
3.86	0.934969
3.86	0.94104
3.86	0.942214
3.86	0.943309
3.86	0.947223
3.86	0.949904
3.86	0.950134
3.86	0.951796
3.86	0.955116
3.86	0.955186
3.86	0.955585
3.86	0.956736
3.86	0.957624
3.86	0.960495
3.86	0.960786
3.86	0.960947
3.86	0.961467
3.86	0.961804
3.86	0.9622
3.86	0.963158
3.86	0.963413
3.86	0.963723
3.86	0.963825
3.86	0.96462
3.86	0.964969
3.87	0.121864
3.87	0.124291
3.87	0.124329
3.87	0.124851
3.87	0.125306
3.87	0.1278
3.87	0.13378
3.87	0.133879
3.87	0.147365
3.87	0.153757
3.87	0.158071
3.87	0.158467
3.87	0.186341
3.87	0.200293
3.87	0.202985
3.87	0.206131
3.87	0.20636
3.87	0.210949
3.87	0.221769
3.87	0.223817
3.87	0.255972
3.87	0.270674
3.87	0.310962
3.87	0.312331
3.87	0.329693
3.87	0.352185
3.87	0.35384
3.87	0.394386
3.87	0.399982
3.87	0.41414
3.87	0.421222
3.87	0.421331
3.87	0.422849
3.87	0.42417
3.87	0.431379
3.87	0.448467
3.87	0.448748
3.87	0.47044
3.87	0.479087
3.87	0.48626
3.87	0.486359
3.87	0.503549
3.87	0.515038
3.87	0.516085
3.87	0.529439
3.87	0.542986
3.87	0.548086
3.87	0.580944
3.87	0.586763
3.87	0.61988
3.87	0.626097
3.87	0.633291
3.87	0.633811
3.87	0.644159
3.87	0.667915
3.87	0.672308
3.87	0.684024
3.87	0.697827
3.87	0.725536
3.87	0.737044
3.87	0.750046
3.87	0.763976
3.87	0.770647
3.87	0.816046
3.87	0.829205
3.87	0.8312
3.87	0.836443
3.87	0.852599
3.87	0.855253
3.87	0.858384
3.87	0.882943
3.87	0.884827
3.87	0.887074
3.87	0.898206
3.87	0.898743
3.87	0.905965
3.87	0.911454
3.87	0.911883
3.87	0.924333
3.87	0.928786
3.87	0.938368
3.87	0.938971
3.87	0.942144
3.87	0.943483
3.87	0.943549
3.87	0.944465
3.87	0.945247
3.87	0.949277
3.87	0.957223
3.87	0.957334
3.87	0.958551
3.87	0.960349
3.87	0.964118
3.87	0.964146
3.87	0.965807
3.87	0.966499
3.87	0.966625
3.87	0.966769
3.87	0.96678
3.87	0.967451
3.88	0.112908
3.88	0.11294
3.88	0.113037
3.88	0.113204
3.88	0.113389
3.88	0.116257
3.88	0.117707
3.88	0.121943
3.88	0.132915
3.88	0.135289
3.88	0.142712
3.88	0.146304
3.88	0.151403
3.88	0.151957
3.88	0.154122
3.88	0.211101
3.88	0.241019
3.88	0.275406
3.88	0.276965
3.88	0.27838
3.88	0.279201
3.88	0.279471
3.88	0.279608
3.88	0.312053
3.88	0.388572
3.88	0.38862
3.88	0.388715
3.88	0.389006
3.88	0.389508
3.88	0.390064
3.88	0.398636
3.88	0.402947
3.88	0.415443
3.88	0.445702
3.88	0.447164
3.88	0.447545
3.88	0.45118
3.88	0.453905
3.88	0.462289
3.88	0.474699
3.88	0.481571
3.88	0.484609
3.88	0.495428
3.88	0.498502
3.88	0.5
3.88	0.503014
3.88	0.50583
3.88	0.5399
3.88	0.622481
3.88	0.646164
3.88	0.662457
3.88	0.662969
3.88	0.663977
3.88	0.667042
3.88	0.672309
3.88	0.676059
3.88	0.678102
3.88	0.709764
3.88	0.774284
3.88	0.775241
3.88	0.776992
3.88	0.779432
3.88	0.780841
3.88	0.781304
3.88	0.781538
3.88	0.799277
3.88	0.832942
3.88	0.846925
3.88	0.849732
3.88	0.854801
3.88	0.861737
3.88	0.865673
3.88	0.866951
3.88	0.867598
3.88	0.887108
3.88	0.911794
3.88	0.921825
3.88	0.921867
3.88	0.921949
3.88	0.9222
3.88	0.922631
3.88	0.923106
3.88	0.930134
3.88	0.933453
3.88	0.942259
3.88	0.958561
3.88	0.959169
3.88	0.959324
3.88	0.960752
3.88	0.961756
3.88	0.963823
3.88	0.964482
3.88	0.967516
3.88	0.968682
3.88	0.969081
3.88	0.969868
3.88	0.969919
3.88	0.969965
3.88	0.969991
3.88	0.97
3.89	0.105541
3.89	0.105679
3.89	0.105961
3.89	0.113651
3.89	0.11718
3.89	0.119792
3.89	0.121382
3.89	0.12805
3.89	0.133247
3.89	0.140452
3.89	0.147714
3.89	0.155462
3.89	0.155791
3.89	0.161195
3.89	0.163977
3.89	0.164607
3.89	0.185142
3.89	0.189288
3.89	0.204594
3.89	0.208575
3.89	0.215591
3.89	0.233243
3.89	0.234867
3.89	0.263218
3.89	0.332506
3.89	0.333666
3.89	0.336461
3.89	0.337834
3.89	0.338699
3.89	0.367225
3.89	0.367648
3.89	0.368513
3.89	0.368873
3.89	0.391857
3.89	0.402416
3.89	0.41017
3.89	0.414861
3.89	0.42377
3.89	0.43433
3.89	0.43624
3.89	0.439377
3.89	0.444376
3.89	0.449265
3.89	0.454608
3.89	0.458875
3.89	0.469621
3.89	0.489729
3.89	0.510731
3.89	0.511615
3.89	0.52597
3.89	0.533273
3.89	0.534919
3.89	0.565321
3.89	0.578204
3.89	0.586862
3.89	0.596951
3.89	0.633041
3.89	0.642127
3.89	0.657844
3.89	0.695691
3.89	0.699051
3.89	0.720734
3.89	0.754404
3.89	0.818373
3.89	0.823532
3.89	0.863369
3.89	0.864876
3.89	0.868462
3.89	0.870202
3.89	0.87129
3.89	0.875582
3.89	0.893921
3.89	0.903647
3.89	0.903922
3.89	0.904359
3.89	0.905246
3.89	0.905614
3.89	0.927007
3.89	0.935457
3.89	0.935936
3.89	0.94111
3.89	0.94315
3.89	0.944303
3.89	0.948709
3.89	0.949895
3.89	0.955724
3.89	0.955902
3.89	0.956686
3.89	0.958204
3.89	0.960464
3.89	0.962487
3.89	0.964485
3.89	0.965921
3.89	0.967757
3.89	0.968193
3.89	0.96891
3.89	0.969876
3.89	0.971975
3.89	0.972052
3.89	0.97209
3.9	0.096875
3.9	0.099199
3.9	0.0995405
3.9	0.115603
3.9	0.118734
3.9	0.126045
3.9	0.129978
3.9	0.133308
3.9	0.144597
3.9	0.165188
3.9	0.181472
3.9	0.183596
3.9	0.19536
3.9	0.212912
3.9	0.222787
3.9	0.226222
3.9	0.229823
3.9	0.237011
3.9	0.24587
3.9	0.256427
3.9	0.270066
3.9	0.341212
3.9	0.348498
3.9	0.349565
3.9	0.391683
3.9	0.395467
3.9	0.398731
3.9	0.402824
3.9	0.408081
3.9	0.421676
3.9	0.429616
3.9	0.441028
3.9	0.450595
3.9	0.453487
3.9	0.482385
3.9	0.48307
3.9	0.511203
3.9	0.537814
3.9	0.540613
3.9	0.551733
3.9	0.579306
3.9	0.584565
3.9	0.595843
3.9	0.598558
3.9	0.613058
3.9	0.653565
3.9	0.667425
3.9	0.675298
3.9	0.682679
3.9	0.690318
3.9	0.693192
3.9	0.705263
3.9	0.706764
3.9	0.72313
3.9	0.733559
3.9	0.740825
3.9	0.742825
3.9	0.743378
3.9	0.743531
3.9	0.743621
3.9	0.743701
3.9	0.743992
3.9	0.745041
3.9	0.748813
3.9	0.762256
3.9	0.768809
3.9	0.78083
3.9	0.808269
3.9	0.810682
3.9	0.811801
3.9	0.829439
3.9	0.833738
3.9	0.844851
3.9	0.855156
3.9	0.865679
3.9	0.876667
3.9	0.88303
3.9	0.885484
3.9	0.886741
3.9	0.92515
3.9	0.929243
3.9	0.932384
3.9	0.935004
3.9	0.937117
3.9	0.938172
3.9	0.939175
3.9	0.942049
3.9	0.94711
3.9	0.950471
3.9	0.951075
3.9	0.95568
3.9	0.961437
3.9	0.964563
3.9	0.965481
3.9	0.966563
3.9	0.968567
3.9	0.969423
3.9	0.97379
3.9	0.973882
3.9	0.974511
3.91	0.0859988
3.91	0.0862366
3.91	0.086311
3.91	0.0881679
3.91	0.0886494
3.91	0.0892552
3.91	0.0893022
3.91	0.0908392
3.91	0.103791
3.91	0.111105
3.91	0.112246
3.91	0.116063
3.91	0.18934
3.91	0.222988
3.91	0.226416
3.91	0.255007
3.91	0.256421
3.91	0.265181
3.91	0.278514
3.91	0.307338
3.91	0.308108
3.91	0.308348
3.91	0.314342
3.91	0.315892
3.91	0.317839
3.91	0.31799
3.91	0.319161
3.91	0.322917
3.91	0.386155
3.91	0.38962
3.91	0.401136
3.91	0.414582
3.91	0.465
3.91	0.485051
3.91	0.486513
3.91	0.499532
3.91	0.504064
3.91	0.504649
3.91	0.512202
3.91	0.515056
3.91	0.518227
3.91	0.541619
3.91	0.542561
3.91	0.545575
3.91	0.600148
3.91	0.610867
3.91	0.618267
3.91	0.658371
3.91	0.67184
3.91	0.677463
3.91	0.684843
3.91	0.709301
3.91	0.71119
3.91	0.724977
3.91	0.735322
3.91	0.739013
3.91	0.74181
3.91	0.742815
3.91	0.745517
3.91	0.74697
3.91	0.748874
3.91	0.754133
3.91	0.760979
3.91	0.761903
3.91	0.779596
3.91	0.78569
3.91	0.80311
3.91	0.806216
3.91	0.832365
3.91	0.833523
3.91	0.833884
3.91	0.842726
3.91	0.843907
3.91	0.844967
3.91	0.847755
3.91	0.847971
3.91	0.849632
3.91	0.854362
3.91	0.854889
3.91	0.862042
3.91	0.879432
3.91	0.922811
3.91	0.926824
3.91	0.92944
3.91	0.929862
3.91	0.938284
3.91	0.939283
3.91	0.948971
3.91	0.969379
3.91	0.970417
3.91	0.970727
3.91	0.97271
3.91	0.976201
3.91	0.976614
3.91	0.976626
3.91	0.976789
3.91	0.976918
3.91	0.977416
3.91	0.977435
3.91	0.977499
3.92	0.0797236
3.92	0.0822662
3.92	0.112589
3.92	0.119298
3.92	0.170334
3.92	0.184078
3.92	0.186809
3.92	0.187803
3.92	0.189308
3.92	0.206342
3.92	0.212122
3.92	0.212765
3.92	0.2148
3.92	0.21851
3.92	0.222702
3.92	0.226626
3.92	0.241691
3.92	0.243672
3.92	0.275942
3.92	0.278316
3.92	0.287602
3.92	0.295954
3.92	0.3465
3.92	0.349653
3.92	0.3554
3.92	0.358943
3.92	0.379505
3.92	0.390973
3.92	0.391657
3.92	0.396974
3.92	0.401308
3.92	0.402312
3.92	0.411858
3.92	0.412267
3.92	0.419306
3.92	0.43603
3.92	0.450519
3.92	0.485994
3.92	0.519208
3.92	0.553975
3.92	0.586601
3.92	0.588758
3.92	0.595493
3.92	0.59793
3.92	0.601605
3.92	0.619736
3.92	0.64196
3.92	0.643596
3.92	0.655136
3.92	0.656312
3.92	0.656584
3.92	0.659267
3.92	0.661151
3.92	0.665588
3.92	0.669392
3.92	0.678574
3.92	0.687046
3.92	0.718444
3.92	0.722439
3.92	0.783209
3.92	0.786041
3.92	0.787356
3.92	0.792946
3.92	0.803157
3.92	0.816792
3.92	0.842854
3.92	0.854996
3.92	0.867521
3.92	0.872516
3.92	0.878199
3.92	0.880565
3.92	0.883887
3.92	0.884221
3.92	0.885657
3.92	0.887636
3.92	0.891392
3.92	0.898036
3.92	0.89917
3.92	0.901002
3.92	0.902004
3.92	0.923085
3.92	0.9238
3.92	0.933404
3.92	0.933986
3.92	0.938392
3.92	0.939532
3.92	0.941819
3.92	0.942406
3.92	0.942591
3.92	0.944254
3.92	0.949118
3.92	0.949545
3.92	0.949827
3.92	0.950601
3.92	0.954475
3.92	0.963958
3.92	0.96858
3.92	0.970402
3.92	0.978554
3.92	0.979231
3.93	0.0678951
3.93	0.0685582
3.93	0.0729021
3.93	0.07406
3.93	0.0742673
3.93	0.0788177
3.93	0.0809756
3.93	0.116288
3.93	0.139758
3.93	0.157276
3.93	0.157399
3.93	0.158961
3.93	0.200123
3.93	0.202196
3.93	0.227598
3.93	0.248712
3.93	0.250962
3.93	0.263889
3.93	0.265618
3.93	0.2695
3.93	0.270194
3.93	0.28534
3.93	0.287162
3.93	0.292465
3.93	0.299085
3.93	0.315481
3.93	0.336814
3.93	0.359876
3.93	0.403868
3.93	0.421426
3.93	0.472488
3.93	0.50466
3.93	0.508138
3.93	0.518926
3.93	0.520884
3.93	0.521215
3.93	0.525411
3.93	0.530044
3.93	0.557562
3.93	0.570305
3.93	0.57863
3.93	0.579329
3.93	0.596911
3.93	0.606078
3.93	0.618179
3.93	0.62547
3.93	0.62909
3.93	0.633958
3.93	0.646606
3.93	0.685393
3.93	0.6881
3.93	0.690882
3.93	0.697744
3.93	0.702986
3.93	0.70316
3.93	0.709819
3.93	0.719964
3.93	0.734337
3.93	0.738761
3.93	0.758463
3.93	0.763409
3.93	0.766606
3.93	0.766689
3.93	0.773699
3.93	0.774954
3.93	0.792351
3.93	0.801409
3.93	0.804471
3.93	0.809486
3.93	0.813232
3.93	0.820294
3.93	0.820571
3.93	0.823858
3.93	0.828826
3.93	0.839306
3.93	0.84345
3.93	0.847423
3.93	0.848694
3.93	0.877845
3.93	0.898031
3.93	0.905335
3.93	0.911977
3.93	0.91701
3.93	0.920631
3.93	0.927613
3.93	0.938277
3.93	0.94559
3.93	0.946182
3.93	0.957768
3.93	0.958202
3.93	0.958236
3.93	0.963075
3.93	0.969478
3.93	0.978953
3.93	0.979525
3.93	0.980731
3.93	0.980786
3.93	0.981092
3.93	0.98224
3.93	0.982415
3.94	0.0583639
3.94	0.0625102
3.94	0.0625412
3.94	0.075676
3.94	0.0774876
3.94	0.0839478
3.94	0.0962518
3.94	0.106854
3.94	0.114009
3.94	0.115669
3.94	0.118734
3.94	0.150294
3.94	0.16449
3.94	0.170494
3.94	0.179078
3.94	0.194421
3.94	0.208304
3.94	0.216533
3.94	0.22191
3.94	0.230894
3.94	0.231001
3.94	0.253156
3.94	0.275217
3.94	0.2756
3.94	0.281644
3.94	0.302988
3.94	0.311778
3.94	0.319711
3.94	0.34273
3.94	0.365159
3.94	0.37602
3.94	0.393234
3.94	0.397983
3.94	0.403021
3.94	0.408858
3.94	0.412266
3.94	0.41472
3.94	0.43607
3.94	0.465865
3.94	0.483037
3.94	0.483098
3.94	0.50316
3.94	0.541486
3.94	0.550523
3.94	0.557217
3.94	0.561343
3.94	0.562263
3.94	0.579215
3.94	0.617088
3.94	0.637121
3.94	0.649758
3.94	0.661372
3.94	0.662898
3.94	0.668406
3.94	0.675976
3.94	0.680304
3.94	0.699674
3.94	0.6999
3.94	0.72807
3.94	0.741419
3.94	0.744928
3.94	0.748641
3.94	0.755364
3.94	0.780058
3.94	0.785922
3.94	0.786599
3.94	0.797143
3.94	0.827557
3.94	0.827914
3.94	0.832074
3.94	0.856912
3.94	0.856934
3.94	0.862988
3.94	0.873259
3.94	0.880449
3.94	0.882399
3.94	0.887549
3.94	0.896636
3.94	0.91092
3.94	0.913363
3.94	0.924438
3.94	0.930984
3.94	0.940088
3.94	0.943994
3.94	0.947945
3.94	0.952271
3.94	0.954673
3.94	0.956346
3.94	0.960276
3.94	0.968897
3.94	0.969726
3.94	0.970174
3.94	0.972101
3.94	0.974943
3.94	0.978219
3.94	0.97993
3.94	0.980409
3.94	0.983866
3.94	0.983874
3.94	0.984961
3.95	0.0491812
3.95	0.0524982
3.95	0.0639868
3.95	0.0651008
3.95	0.0655806
3.95	0.0814517
3.95	0.0980075
3.95	0.106059
3.95	0.117901
3.95	0.136881
3.95	0.137448
3.95	0.15439
3.95	0.16589
3.95	0.180611
3.95	0.184712
3.95	0.196482
3.95	0.204623
3.95	0.236575
3.95	0.240408
3.95	0.242055
3.95	0.247011
3.95	0.260605
3.95	0.266815
3.95	0.273064
3.95	0.295528
3.95	0.29922
3.95	0.31302
3.95	0.333605
3.95	0.3451
3.95	0.349188
3.95	0.362872
3.95	0.374501
3.95	0.378283
3.95	0.396508
3.95	0.410802
3.95	0.422704
3.95	0.43194
3.95	0.46667
3.95	0.468295
3.95	0.505276
3.95	0.515688
3.95	0.532849
3.95	0.546564
3.95	0.557281
3.95	0.561855
3.95	0.577043
3.95	0.584564
3.95	0.594843
3.95	0.623612
3.95	0.633188
3.95	0.642873
3.95	0.646021
3.95	0.659663
3.95	0.66874
3.95	0.69372
3.95	0.699668
3.95	0.713399
3.95	0.718164
3.95	0.721317
3.95	0.724685
3.95	0.734687
3.95	0.761125
3.95	0.769942
3.95	0.772717
3.95	0.784075
3.95	0.788091
3.95	0.794024
3.95	0.799498
3.95	0.822356
3.95	0.828265
3.95	0.830025
3.95	0.839266
3.95	0.849402
3.95	0.875031
3.95	0.878135
3.95	0.886805
3.95	0.892724
3.95	0.89766
3.95	0.903278
3.95	0.90687
3.95	0.913224
3.95	0.91743
3.95	0.925288
3.95	0.927144
3.95	0.92898
3.95	0.945193
3.95	0.951969
3.95	0.956073
3.95	0.959254
3.95	0.9639
3.95	0.964055
3.95	0.969203
3.95	0.972387
3.95	0.97454
3.95	0.978936
3.95	0.983112
3.95	0.983238
3.95	0.98353
3.95	0.986528
3.95	0.98739
3.96	0.0403079
3.96	0.0420821
3.96	0.0433197
3.96	0.0446841
3.96	0.0472238
3.96	0.0475406
3.96	0.0523659
3.96	0.0541364
3.96	0.0590617
3.96	0.0618308
3.96	0.0640809
3.96	0.0677163
3.96	0.0872062
3.96	0.0892716
3.96	0.102298
3.96	0.134683
3.96	0.141518
3.96	0.153186
3.96	0.156708
3.96	0.159632
3.96	0.164115
3.96	0.169042
3.96	0.178175
3.96	0.179311
3.96	0.19651
3.96	0.202774
3.96	0.220071
3.96	0.229711
3.96	0.237499
3.96	0.249998
3.96	0.26504
3.96	0.266533
3.96	0.303415
3.96	0.315221
3.96	0.317144
3.96	0.321957
3.96	0.36366
3.96	0.435378
3.96	0.461514
3.96	0.463959
3.96	0.470684
3.96	0.481103
3.96	0.483626
3.96	0.491523
3.96	0.51369
3.96	0.522868
3.96	0.523316
3.96	0.531233
3.96	0.540367
3.96	0.543237
3.96	0.556249
3.96	0.557463
3.96	0.579858
3.96	0.582747
3.96	0.588871
3.96	0.62526
3.96	0.625703
3.96	0.640161
3.96	0.670974
3.96	0.679693
3.96	0.692369
3.96	0.700697
3.96	0.717129
3.96	0.728171
3.96	0.742496
3.96	0.757135
3.96	0.771383
3.96	0.774152
3.96	0.783835
3.96	0.803305
3.96	0.830494
3.96	0.836963
3.96	0.843457
3.96	0.854793
3.96	0.857592
3.96	0.862133
3.96	0.86447
3.96	0.874241
3.96	0.912205
3.96	0.916389
3.96	0.927427
3.96	0.927868
3.96	0.958724
3.96	0.962886
3.96	0.964746
3.96	0.973463
3.96	0.976924
3.96	0.977471
3.96	0.982597
3.96	0.983547
3.96	0.984134
3.96	0.984856
3.96	0.986137
3.96	0.986597
3.96	0.987847
3.96	0.987929
3.96	0.988586
3.96	0.988938
3.96	0.989258
3.96	0.989715
3.97	0.0295683
3.97	0.0315912
3.97	0.0324005
3.97	0.0336726
3.97	0.0337179
3.97	0.0362456
3.97	0.0371406
3.97	0.0398524
3.97	0.0409158
3.97	0.0631627
3.97	0.072528
3.97	0.0733252
3.97	0.0747742
3.97	0.0900011
3.97	0.0987516
3.97	0.113915
3.97	0.118005
3.97	0.121455
3.97	0.124462
3.97	0.125968
3.97	0.129179
3.97	0.129347
3.97	0.13868
3.97	0.141972
3.97	0.142972
3.97	0.151909
3.97	0.15579
3.97	0.157611
3.97	0.200069
3.97	0.234917
3.97	0.265769
3.97	0.267053
3.97	0.269756
3.97	0.274657
3.97	0.293009
3.97	0.325147
3.97	0.334564
3.97	0.353329
3.97	0.372389
3.97	0.400726
3.97	0.407572
3.97	0.413197
3.97	0.423614
3.97	0.432616
3.97	0.437096
3.97	0.445704
3.97	0.446592
3.97	0.447086
3.97	0.453264
3.97	0.474207
3.97	0.483609
3.97	0.486449
3.97	0.498966
3.97	0.511465
3.97	0.520783
3.97	0.522132
3.97	0.527096
3.97	0.579839
3.97	0.607324
3.97	0.635365
3.97	0.656536
3.97	0.676698
3.97	0.687732
3.97	0.692947
3.97	0.713533
3.97	0.774689
3.97	0.77707
3.97	0.782041
3.97	0.790905
3.97	0.811483
3.97	0.822405
3.97	0.844703
3.97	0.852585
3.97	0.868548
3.97	0.871122
3.97	0.883845
3.97	0.895221
3.97	0.907096
3.97	0.919755
3.97	0.92785
3.97	0.946771
3.97	0.953374
3.97	0.958584
3.97	0.962587
3.97	0.967194
3.97	0.969335
3.97	0.974474
3.97	0.976791
3.97	0.980796
3.97	0.981176
3.97	0.981384
3.97	0.983828
3.97	0.989585
3.97	0.989859
3.97	0.990555
3.97	0.990785
3.97	0.991433
3.97	0.991771
3.97	0.991978
3.97	0.992496
3.98	0.0200371
3.98	0.0232985
3.98	0.0349865
3.98	0.0539335
3.98	0.0631786
3.98	0.0635468
3.98	0.0781496
3.98	0.0794153
3.98	0.0905677
3.98	0.0920015
3.98	0.0965562
3.98	0.112396
3.98	0.123724
3.98	0.128896
3.98	0.128973
3.98	0.134374
3.98	0.142053
3.98	0.164444
3.98	0.178081
3.98	0.178909
3.98	0.203078
3.98	0.209574
3.98	0.223186
3.98	0.235565
3.98	0.236844
3.98	0.242117
3.98	0.261604
3.98	0.286728
3.98	0.290972
3.98	0.3183
3.98	0.327813
3.98	0.332478
3.98	0.334496
3.98	0.347188
3.98	0.351622
3.98	0.37715
3.98	0.397056
3.98	0.402053
3.98	0.410241
3.98	0.429326
3.98	0.431497
3.98	0.43786
3.98	0.446881
3.98	0.447108
3.98	0.46882
3.98	0.485058
3.98	0.503884
3.98	0.546861
3.98	0.577793
3.98	0.582544
3.98	0.584635
3.98	0.584665
3.98	0.602663
3.98	0.617162
3.98	0.628514
3.98	0.644113
3.98	0.659298
3.98	0.674257
3.98	0.690029
3.98	0.70742
3.98	0.716694
3.98	0.719381
3.98	0.730315
3.98	0.768805
3.98	0.783882
3.98	0.80345
3.98	0.808114
3.98	0.81397
3.98	0.821103
3.98	0.823768
3.98	0.851278
3.98	0.863601
3.98	0.874146
3.98	0.877
3.98	0.883307
3.98	0.885981
3.98	0.894004
3.98	0.90206
3.98	0.907377
3.98	0.912341
3.98	0.929267
3.98	0.934933
3.98	0.940367
3.98	0.952822
3.98	0.953052
3.98	0.956818
3.98	0.962934
3.98	0.966471
3.98	0.966491
3.98	0.967882
3.98	0.970914
3.98	0.975121
3.98	0.976323
3.98	0.979632
3.98	0.98377
3.98	0.983866
3.98	0.98626
3.98	0.991131
3.98	0.994111
3.98	0.99494
3.99	0.0115758
3.99	0.0140069
3.99	0.0142783
3.99	0.0154146
3.99	0.016668
3.99	0.0381972
3.99	0.0437562
3.99	0.0456527
3.99	0.0551046
3.99	0.056157
3.99	0.0571418
3.99	0.0605563
3.99	0.0653966
3.99	0.0668622
3.99	0.0855493
3.99	0.0861495
3.99	0.0891552
3.99	0.0926443
3.99	0.0994483
3.99	0.146585
3.99	0.163759
3.99	0.166948
3.99	0.173838
3.99	0.174999
3.99	0.184606
3.99	0.207752
3.99	0.211483
3.99	0.214968
3.99	0.226988
3.99	0.243868
3.99	0.248943
3.99	0.29347
3.99	0.306032
3.99	0.31214
3.99	0.314124
3.99	0.324014
3.99	0.335405
3.99	0.357338
3.99	0.360684
3.99	0.392473
3.99	0.395619
3.99	0.428553
3.99	0.430232
3.99	0.439617
3.99	0.481414
3.99	0.489867
3.99	0.499142
3.99	0.516011
3.99	0.516539
3.99	0.520611
3.99	0.542381
3.99	0.546398
3.99	0.554915
3.99	0.57005
3.99	0.573038
3.99	0.576053
3.99	0.600601
3.99	0.656718
3.99	0.665365
3.99	0.673339
3.99	0.694091
3.99	0.69504
3.99	0.700103
3.99	0.735742
3.99	0.735972
3.99	0.746011
3.99	0.756019
3.99	0.775326
3.99	0.775758
3.99	0.827308
3.99	0.837735
3.99	0.845718
3.99	0.847191
3.99	0.847381
3.99	0.856688
3.99	0.859646
3.99	0.873926
3.99	0.877615
3.99	0.888391
3.99	0.889404
3.99	0.899504
3.99	0.916294
3.99	0.920058
3.99	0.951368
3.99	0.954027
3.99	0.957119
3.99	0.974421
3.99	0.976215
3.99	0.977132
3.99	0.977921
3.99	0.978079
3.99	0.982952
3.99	0.985468
3.99	0.988911
3.99	0.990333
3.99	0.995805
3.99	0.996122
3.99	0.996409
3.99	0.996477
3.99	0.99709
4	0.75
